[0, 8, 2.0, 2.0]
[0, 8, 2.0, -1.0]
[0, 1, 32, 35]
[0, 3, 40003, 1]
[0, 8, 2.0, -2.0]
[0, 8, 2.0, 1.0]
[0, 1, 36, 36]
[0, 3, 40003, 1]
[0, 8, 2.0, 0.0]
[0, 1, 39, 35]
[0, 8, -2.0, -2.0]
[0, 8, -2.0, -2.0]
[0, 8, -2.0, -2.0]
[0, 1, 26, 29]
[0, 3, 40003, 1]
[0, 8, -2.0, -1.0]
[0, 1, 23, 28]
[0, 3, 40003, 1]
[0, 3, 40003, 1]
[0, 8, -2.0, -2.0]
[0, 8, 2.0, -2.0]
[0, 8, 2.0, -2.0]
[0, 8, 2.0, -2.0]
[0, 8, 2.0, -2.0]
[0, 1, 36, 17]
[0, 3, 40003, 1]
[0, 8, 2.0, -2.0]
[0, 8, 2.0, -2.0]
[0, 2, 39, 14]
[0, 2, 39, 14]
[0, 3, 40004, 1]
[0, 3, 40004, 1]
[0, 2, 39, 14]
[0, 2, 39, 14]
[0, 3, 40004, 1]
[0, 3, 40004, 1]
[0, 6, 80010, 1]
[0, 6, 80010, 1]
[0, 2, 39, 14]
[0, 2, 39, 14]
[0, 2, 39, 14]
[0, 2, 39, 14]
[0, 3, 40004, 1]
[0, 3, 40004, 1]
[0, 3, 40004, 1]
[0, 3, 40004, 1]
[0, 6, 80010, 1]
[0, 6, 80010, 1]
[0, 2, 39, 14]
[0, 2, 39, 14]
[0, 3, 40004, 1]
[0, 3, 40004, 1]
[0, 6, 80010, 1]
[0, 2, 39, 14]
[0, 2, 39, 14]
[0, 3, 40004, 1]
[0, 3, 40004, 1]
[0, 2, 39, 14]
[0, 3, 40004, 1]
[0, 2, 39, 14]
[0, 3, 40004, 1]
